1.0 2.0 3.0 4.0 5.0 6.0 7.0 8.0 9.0 10.0 11.0 12.0 13.0 14.0 15.0 16.0 17.0 18.0 19.0 20.0 21.0 22.0 23.0 24.0 25.0 26.0 27.0 28.0 29.0 30.0 31.0 32.0 33.0 34.0 
2.0 1.0 1.0 2.0 4.0 6.0 4.0 2.0 7.0 4.0 5.0 6.0 4.0 1.0 4.0 6.0 5.0 2.0 1.0 4.0 1.0 1.0 1.0 1.0 1.0 1.0 5.0 1.0 2.0 0.0 0.0 0.0 0.0 0.0 
8.0 5.0 3.0 3.0 4.0 4.0 10.0 7.0 3.0 6.0 6.0 3.0 1.0 4.0 11.0 1.0 1.0 2.0 5.0 6.0 12.0 1.0 8.0 9.0 1.0 1.0 5.0 1.0 11.0 3.0 1.0 11.0 6.0 3.0 
6.0 19.0 22.0 23.0 8.0 10.0 23.0 23.0 23.0 9.0 6.0 20.0 29.0 25.0 22.0 2.0 16.0 21.0 5.0 15.0 30.0 12.0 1.0 21.0 8.0 20.0 29.0 19.0 19.0 20.0 18.0 12.0 18.0 11.0 
1991.0 1992.0 1992.0 1992.0 1987.0 1992.0 1991.0 1984.0 1990.0 1993.0 1992.0 1992.0 1986.0 1991.0 1992.0 1992.0 1991.0 1992.0 1988.0 1991.0 1991.0 1992.0 1990.0 1986.0 1984.0 1985.0 1980.0 1992.0 1991.0 1992.0 1992.0 1991.0 1992.0 1975.0 
21.0 20.0 21.0 20.0 25.0 20.0 21.0 28.0 22.0 19.0 20.0 20.0 27.0 21.0 20.0 21.0 22.0 20.0 24.0 21.0 21.0 21.0 22.0 26.0 29.0 28.0 32.0 21.0 21.0 20.0 21.0 21.0 20.0 38.0 
1.0 1.0 1.0 1.0 1.0 1.0 1.0 1.0 1.0 2.0 2.0 1.0 2.0 1.0 1.0 2.0 3.0 1.0 2.0 1.0 1.0 1.0 2.0 1.0 1.0 1.0 1.0 4.0 1.0 1.0 1.0 2.0 1.0 5.0 
1.0 1.0 1.0 1.0 1.0 1.0 1.0 1.0 1.0 1.0 1.0 1.0 1.0 1.0 1.0 2.0 1.0 1.0 2.0 1.0 1.0 1.0 1.0 1.0 1.0 1.0 1.0 2.0 1.0 1.0 1.0 1.0 1.0 3.0 
36.0 0.0 0.0 17.0 0.0 0.0 79.0 0.0 0.0 2.0 0.0 10.0 6.0 0.0 0.0 16.0 3.0 3.0 1.0 0.0 1.0 2.0 17.0 0.0 0.0 7.0 0.0 1.0 2.0 0.0 7.0 2.0 8.0 0.0 
72.0 2.0 8.0 17.0 0.0 1.0 27.0 34.0 21.0 11.0 10.0 73.0 38.0 0.0 2.0 62.0 82.0 38.0 37.0 17.0 59.0 264.0 23.0 59.0 3.0 8.0 120.0 51.0 4.0 11.0 126.0 4.0 4.0 37.0 
1.0 0.0 1.0 6.0 4.0 0.0 10.0 0.0 3.0 4.0 0.0 10.0 7.0 0.0 2.0 4.0 2.0 16.0 9.0 0.0 3.0 4.0 17.0 4.0 15.0 7.0 3.0 4.0 1.0 2.0 15.0 1.0 2.0 0.0 
128.0 20.0 9.0 141.0 19.0 1.0 126.0 34.0 24.0 17.0 10.0 719.0 51.0 0.0 76.0 89.0 87.0 221.0 317.0 17.0 304.0 382.0 61.0 64.0 3.0 23.0 123.0 57.0 85.0 14.0 133.0 11.0 15.0 38.0 
582.0 0.0 65.0 178.0 40.0 2.0 511.0 146.0 17.0 160.0 8.0 409.0 264.0 0.0 12.0 681.0 153.0 352.0 406.0 13.0 109.0 645.0 913.0 25.0 1.0 98.0 89.0 155.0 87.0 37.0 308.0 18.0 57.0 38.0 
127.0 0.0 4.0 129.0 6.0 1.0 462.0 33.0 3.0 61.0 0.0 55.0 67.0 0.0 1.0 128.0 18.0 101.0 122.0 0.0 8.0 107.0 127.0 5.0 0.0 49.0 2.0 29.0 72.0 10.0 47.0 46.0 14.0 9.0 
159.0 157.0 17.0 119.1 30.0 0.0 72.14 33.0 12.0 90.0 0.0 155.2 41.0 0.0 22.0 143.0 55.0 66.0 62.0 0.0 38.25 279.0 94.0 18.0 13.0 48.0 48.0 26.0 149.6 0.0 39.38 164.2 71.0 44.0 
10.0 1.0 0.0 10.0 2.0 0.0 10.0 3.0 0.0 3.0 0.0 10.0 8.0 0.0 0.0 10.0 7.0 10.0 10.0 0.0 1.0 10.0 10.0 10.0 0.0 10.0 0.0 2.0 10.0 0.0 5.0 10.0 11.0 5.0 
1.0 1.0 0.0 2.0 0.0 0.0 0.0 0.0 0.0 0.0 0.0 0.0 0.0 0.0 1.0 0.0 0.0 1.0 1.0 0.0 0.0 1.0 0.0 0.0 0.0 0.0 0.0 2.0 0.0 0.0 2.0 0.0 2.0 0.0 
1.0 0.0 0.0 2.0 0.0 0.0 0.0 0.0 0.0 0.0 0.0 0.0 0.0 0.0 0.0 1.0 0.0 1.0 1.0 0.0 0.0 0.0 1.0 0.0 0.0 0.0 0.0 2.0 0.0 0.0 2.0 0.0 2.0 0.0 
15.0 4.0 2.0 5.0 8.0 1.0 6.0 3.0 3.0 6.0 3.0 22.0 7.0 1.0 3.0 12.0 7.0 25.0 8.0 4.0 14.0 6.0 31.0 6.0 13.0 11.0 5.0 11.0 9.0 3.0 5.0 15.0 0.0 0.0 
536.0 41.0 2.0 87.0 62.0 1.0 69.0 3.0 6.0 71.0 4.0 92.0 31.0 1.0 53.0 74.0 47.0 58.0 57.0 22.0 45.0 65.0 814.0 19.0 146.0 14.0 105.0 132.0 9.0 11.0 37.0 69.0 15.0 0.0 
0.05 2.61 3.5 2.11 0.05 0.0 1.3 0.0 0.0 0.31 0.0 2.3 0.26 0.0 0.06 0.42 0.06 6.26 1.39 0.0 0.73 0.12 0.54 0.05 0.71 0.58 0.0 1.17 0.67 0.0 0.0 0.14 0.0 0.0 
613.0 165.0 149.0 228.0 91.0 134.0 242.0 241.0 126.0 499.0 26.0 538.0 213.0 110.0 116.0 68.0 242.0 305.0 302.0 241.0 256.0 201.0 438.0 56.0 78.0 91.0 189.0 1607.0 132.0 77.0 101.0 213.0 469.0 238.0 
288.0 216.0 91.0 105.0 46.0 98.0 183.0 150.0 22.0 57.0 26.0 196.0 96.0 17.0 30.0 228.0 50.0 142.0 74.0 38.0 71.0 46.0 183.0 25.0 38.0 71.0 42.0 206.0 77.0 38.0 98.0 37.0 158.0 102.0 
352.0 149.0 104.0 140.0 54.0 112.0 192.0 153.0 60.0 250.0 15.0 308.0 100.0 67.0 68.0 116.0 125.0 180.0 149.0 146.0 151.0 106.0 307.0 19.0 19.0 23.0 66.0 612.0 92.0 40.0 93.0 114.0 270.0 88.0 
48.0 15.0 7.0 8.0 14.0 8.0 5.0 37.0 3.0 42.0 3.0 15.0 18.0 42.0 3.0 4.0 10.0 20.0 0.0 9.0 10.0 55.0 7.0 14.0 37.0 23.0 22.0 16.0 2.0 8.0 6.0 7.0 76.0 0.0 
219.0 32.0 118.0 171.0 48.0 160.0 249.0 221.0 95.0 309.0 26.0 351.0 134.0 83.0 78.0 170.0 174.0 250.0 117.0 205.0 166.0 115.0 319.0 27.0 28.0 56.0 114.0 337.0 124.0 68.0 133.0 155.0 430.0 169.0 
52.0 4.0 1.0 3.0 0.0 3.0 5.0 2.0 5.0 1.0 15.0 0.0 4.0 1.0 1.0 2.0 1.0 1.0 3.0 5.0 3.0 1.0 0.0 15.0 8.0 0.0 4.0 5.0 1.0 3.0 1.0 3.0 0.0 0.0 
87.0 5.0 6.0 3.0 2.0 2.0 7.0 7.0 0.0 5.0 4.0 0.0 13.0 4.0 4.0 4.0 13.0 3.0 5.0 2.0 3.0 6.0 16.0 13.0 6.0 2.0 3.0 15.0 3.0 2.0 0.0 2.0 0.0 0.0 
952.0 412.0 244.0 363.0 146.0 250.0 469.0 402.0 148.0 630.0 55.0 799.0 318.0 135.0 156.0 309.0 312.0 518.0 390.0 298.0 374.0 274.0 669.0 82.0 118.0 169.0 249.0 1813.0 231.0 124.0 216.0 262.0 685.0 352.0 
