1.0 2.0 8.0 6.0 1991.0 21.0 1.0 1.0 36.0 72.0 1.0 128.0 582.0 127.0 159.0 10.0 1.0 1.0 15.0 536.0 0.05 613.0 288.0 352.0 48.0 219.0 52.0 87.0 952.0 
2.0 1.0 5.0 19.0 1992.0 20.0 1.0 1.0 0.0 2.0 0.0 20.0 0.0 0.0 157.0 1.0 1.0 0.0 4.0 41.0 2.61 165.0 216.0 149.0 15.0 32.0 4.0 5.0 412.0 
3.0 1.0 3.0 22.0 1992.0 21.0 1.0 1.0 0.0 8.0 1.0 9.0 65.0 4.0 17.0 0.0 0.0 0.0 2.0 2.0 3.5 149.0 91.0 104.0 7.0 118.0 1.0 6.0 244.0 
4.0 2.0 3.0 23.0 1992.0 20.0 1.0 1.0 17.0 17.0 6.0 141.0 178.0 129.0 119.1 10.0 2.0 2.0 5.0 87.0 2.11 228.0 105.0 140.0 8.0 171.0 3.0 3.0 363.0 
5.0 4.0 4.0 8.0 1987.0 25.0 1.0 1.0 0.0 0.0 4.0 19.0 40.0 6.0 30.0 2.0 0.0 0.0 8.0 62.0 0.05 91.0 46.0 54.0 14.0 48.0 0.0 2.0 146.0 
6.0 6.0 4.0 10.0 1992.0 20.0 1.0 1.0 0.0 1.0 0.0 1.0 2.0 1.0 0.0 0.0 0.0 0.0 1.0 1.0 0.0 134.0 98.0 112.0 8.0 160.0 3.0 2.0 250.0 
7.0 4.0 10.0 23.0 1991.0 21.0 1.0 1.0 79.0 27.0 10.0 126.0 511.0 462.0 72.14 10.0 0.0 0.0 6.0 69.0 1.3 242.0 183.0 192.0 5.0 249.0 5.0 7.0 469.0 
8.0 2.0 7.0 23.0 1984.0 28.0 1.0 1.0 0.0 34.0 0.0 34.0 146.0 33.0 33.0 3.0 0.0 0.0 3.0 3.0 0.0 241.0 150.0 153.0 37.0 221.0 2.0 7.0 402.0 
9.0 7.0 3.0 23.0 1990.0 22.0 1.0 1.0 0.0 21.0 3.0 24.0 17.0 3.0 12.0 0.0 0.0 0.0 3.0 6.0 0.0 126.0 22.0 60.0 3.0 95.0 5.0 0.0 148.0 
10.0 4.0 6.0 9.0 1993.0 19.0 2.0 1.0 2.0 11.0 4.0 17.0 160.0 61.0 90.0 3.0 0.0 0.0 6.0 71.0 0.31 499.0 57.0 250.0 42.0 309.0 1.0 5.0 630.0 
11.0 5.0 6.0 6.0 1992.0 20.0 2.0 1.0 0.0 10.0 0.0 10.0 8.0 0.0 0.0 0.0 0.0 0.0 3.0 4.0 0.0 26.0 26.0 15.0 3.0 26.0 15.0 4.0 55.0 
12.0 6.0 3.0 20.0 1992.0 20.0 1.0 1.0 10.0 73.0 10.0 719.0 409.0 55.0 155.2 10.0 0.0 0.0 22.0 92.0 2.3 538.0 196.0 308.0 15.0 351.0 0.0 0.0 799.0 
13.0 4.0 1.0 29.0 1986.0 27.0 2.0 1.0 6.0 38.0 7.0 51.0 264.0 67.0 41.0 8.0 0.0 0.0 7.0 31.0 0.26 213.0 96.0 100.0 18.0 134.0 4.0 13.0 318.0 
14.0 1.0 4.0 25.0 1991.0 21.0 1.0 1.0 0.0 0.0 0.0 0.0 0.0 0.0 0.0 0.0 0.0 0.0 1.0 1.0 0.0 110.0 17.0 67.0 42.0 83.0 1.0 4.0 135.0 
15.0 4.0 11.0 22.0 1992.0 20.0 1.0 1.0 0.0 2.0 2.0 76.0 12.0 1.0 22.0 0.0 1.0 0.0 3.0 53.0 0.06 116.0 30.0 68.0 3.0 78.0 1.0 4.0 156.0 
16.0 6.0 1.0 2.0 1992.0 21.0 2.0 2.0 16.0 62.0 4.0 89.0 681.0 128.0 143.0 10.0 0.0 1.0 12.0 74.0 0.42 68.0 228.0 116.0 4.0 170.0 2.0 4.0 309.0 
17.0 5.0 1.0 16.0 1991.0 22.0 3.0 1.0 3.0 82.0 2.0 87.0 153.0 18.0 55.0 7.0 0.0 0.0 7.0 47.0 0.06 242.0 50.0 125.0 10.0 174.0 1.0 13.0 312.0 
18.0 2.0 2.0 21.0 1992.0 20.0 1.0 1.0 3.0 38.0 16.0 221.0 352.0 101.0 66.0 10.0 1.0 1.0 25.0 58.0 6.26 305.0 142.0 180.0 20.0 250.0 1.0 3.0 518.0 
19.0 1.0 5.0 5.0 1988.0 24.0 2.0 2.0 1.0 37.0 9.0 317.0 406.0 122.0 62.0 10.0 1.0 1.0 8.0 57.0 1.39 302.0 74.0 149.0 0.0 117.0 3.0 5.0 390.0 
20.0 4.0 6.0 15.0 1991.0 21.0 1.0 1.0 0.0 17.0 0.0 17.0 13.0 0.0 0.0 0.0 0.0 0.0 4.0 22.0 0.0 241.0 38.0 146.0 9.0 205.0 5.0 2.0 298.0 
21.0 1.0 12.0 30.0 1991.0 21.0 1.0 1.0 1.0 59.0 3.0 304.0 109.0 8.0 38.25 1.0 0.0 0.0 14.0 45.0 0.73 256.0 71.0 151.0 10.0 166.0 3.0 3.0 374.0 
22.0 1.0 1.0 12.0 1992.0 21.0 1.0 1.0 2.0 264.0 4.0 382.0 645.0 107.0 279.0 10.0 1.0 0.0 6.0 65.0 0.12 201.0 46.0 106.0 55.0 115.0 1.0 6.0 274.0 
23.0 1.0 8.0 1.0 1990.0 22.0 2.0 1.0 17.0 23.0 17.0 61.0 913.0 127.0 94.0 10.0 0.0 1.0 31.0 814.0 0.54 438.0 183.0 307.0 7.0 319.0 0.0 16.0 669.0 
24.0 1.0 9.0 21.0 1986.0 26.0 1.0 1.0 0.0 59.0 4.0 64.0 25.0 5.0 18.0 10.0 0.0 0.0 6.0 19.0 0.05 56.0 25.0 19.0 14.0 27.0 15.0 13.0 82.0 
25.0 1.0 1.0 8.0 1984.0 29.0 1.0 1.0 0.0 3.0 15.0 3.0 1.0 0.0 13.0 0.0 0.0 0.0 13.0 146.0 0.71 78.0 38.0 19.0 37.0 28.0 8.0 6.0 118.0 
26.0 1.0 1.0 20.0 1985.0 28.0 1.0 1.0 7.0 8.0 7.0 23.0 98.0 49.0 48.0 10.0 0.0 0.0 11.0 14.0 0.58 91.0 71.0 23.0 23.0 56.0 0.0 2.0 169.0 
27.0 5.0 5.0 29.0 1980.0 32.0 1.0 1.0 0.0 120.0 3.0 123.0 89.0 2.0 48.0 0.0 0.0 0.0 5.0 105.0 0.0 189.0 42.0 66.0 22.0 114.0 4.0 3.0 249.0 
28.0 1.0 1.0 19.0 1992.0 21.0 4.0 2.0 1.0 51.0 4.0 57.0 155.0 29.0 26.0 2.0 2.0 2.0 11.0 132.0 1.17 1607.0 206.0 612.0 16.0 337.0 5.0 15.0 1813.0 
29.0 2.0 11.0 19.0 1991.0 21.0 1.0 1.0 2.0 4.0 1.0 85.0 87.0 72.0 149.6 10.0 0.0 0.0 9.0 9.0 0.67 132.0 77.0 92.0 2.0 124.0 1.0 3.0 231.0 
30.0 0.0 3.0 20.0 1992.0 20.0 1.0 1.0 0.0 11.0 2.0 14.0 37.0 10.0 0.0 0.0 0.0 0.0 3.0 11.0 0.0 77.0 38.0 40.0 8.0 68.0 3.0 2.0 124.0 
31.0 0.0 1.0 18.0 1992.0 21.0 1.0 1.0 7.0 126.0 15.0 133.0 308.0 47.0 39.38 5.0 2.0 2.0 5.0 37.0 0.0 101.0 98.0 93.0 6.0 133.0 1.0 0.0 216.0 
32.0 0.0 11.0 12.0 1991.0 21.0 2.0 1.0 2.0 4.0 1.0 11.0 18.0 46.0 164.2 10.0 0.0 0.0 15.0 69.0 0.14 213.0 37.0 114.0 7.0 155.0 3.0 2.0 262.0 
33.0 0.0 6.0 18.0 1992.0 20.0 1.0 1.0 8.0 4.0 2.0 15.0 57.0 14.0 71.0 11.0 2.0 2.0 0.0 15.0 0.0 469.0 158.0 270.0 76.0 430.0 0.0 0.0 685.0 
34.0 0.0 3.0 11.0 1975.0 38.0 5.0 3.0 0.0 37.0 0.0 38.0 38.0 9.0 44.0 5.0 0.0 0.0 0.0 0.0 0.0 238.0 102.0 88.0 0.0 169.0 0.0 0.0 352.0 
